0,392
0,391
0,390
0,389
0,388
30,5
30,4
30,3
30,2
0,387
0,386
30,1
30,0
0,278
0,385
0,384
0,319
0,318
0,317
0,316
0,273
0,270
29,5
29,4
29,3
29,2
29,1
29,0
28,4
28,3
28,2
28,1
28,0
27,4
27,3
27,2
27,1
27,0
0,283
0,243
26,4
26,3
26,2
26,1
26,0
25,4
25,3
25,2
25,1
25,0
24,40
24,39
24,38
24,37
24,36
24,35
3,2
3,1
3,3
10,180
10,84
10,238
10,210
10,252
10,296
10,30
10,1
10,302
10,2
10,3
11,14
11,10
11,26
11,24
11,20
11,1
11,4
11,2
11,3
9,7
9,6
9,1
9,4
9,2
9,3
8,12
8,16
8,18
8,9
8,17
8,1
8,14
8,2
8,3
12,2
